energy       Pt-d_up     Pt-d_down
-17.131511  0.000000e+00  0.000000e+00
-17.036511  0.000000e+00  0.000000e+00
-16.941511  0.000000e+00  0.000000e+00
-16.846511  0.000000e+00  0.000000e+00
-16.751511  0.000000e+00  0.000000e+00
-16.656511 -2.705679e-33  6.550834e-34
-16.560511 -5.926722e-27  1.690787e-27
-16.465511 -2.089146e-21  7.025059e-22
-16.370511 -1.137895e-16  4.519291e-17
-16.275511 -1.000933e-12  4.697689e-13
-16.180511 -1.352353e-09  7.526312e-10
-16.085511 -2.635190e-07  1.754458e-07
-15.990511 -5.671002e-06  4.751347e-06
-15.895511  2.430674e-05 -1.503220e-05
-15.799511  1.648735e-04 -1.559522e-04
-15.704511  6.166722e-05 -7.536323e-05
-15.609511 -7.436413e-06  7.195547e-06
-15.514511 -7.761820e-07  1.053093e-06
-15.419511 -6.933882e-09  1.134593e-08
-15.324511 -8.620900e-12  1.676371e-11
-15.229511 -1.628399e-15  3.744736e-15
-15.134511 -5.255981e-20  1.553095e-19
-15.039511  0.000000e+00  0.000000e+00
-14.943511  0.000000e+00  0.000000e+00
-14.848511  0.000000e+00  0.000000e+00
-14.753511  0.000000e+00  0.000000e+00
-14.658511  0.000000e+00  0.000000e+00
-14.563511  0.000000e+00  0.000000e+00
-14.468511  0.000000e+00  0.000000e+00
-14.373511  0.000000e+00  0.000000e+00
-14.278511  0.000000e+00  0.000000e+00
-14.182511  0.000000e+00  0.000000e+00
-14.087511  0.000000e+00  0.000000e+00
-13.992511  0.000000e+00  0.000000e+00
-13.897511 -3.126450e-34  1.366630e-34
-13.802511 -8.657000e-28  4.156660e-28
-13.707511 -3.860140e-22  2.036900e-22
-13.612511 -2.665650e-17  1.547620e-17
-13.517511 -2.977330e-13  1.901380e-13
-13.422511 -5.129370e-10  3.610200e-10
-13.326511 -1.290610e-07  1.005780e-07
-13.231511 -3.842730e-06  3.390490e-06
-13.136511  1.026610e-05 -6.747500e-06
-13.041511  1.331840e-04 -1.265640e-04
-12.946511  7.156300e-05 -7.814800e-05
-12.851511 -6.082700e-06  5.542400e-06
-12.756511 -1.050190e-06  1.228510e-06
-12.661511 -1.227170e-08  1.601560e-08
-12.565511 -1.952310e-11  2.813490e-11
-12.470511 -4.686870e-15  7.439300e-15
-12.375511 -1.811000e-19  3.126270e-19
-12.280511  0.000000e+00  0.000000e+00
-12.185511  0.000000e+00  0.000000e+00
-12.090511  0.000000e+00  0.000000e+00
-11.995511  0.000000e+00  0.000000e+00
-11.900511  0.000000e+00  0.000000e+00
-11.805511  0.000000e+00  0.000000e+00
-11.709511  0.000000e+00  0.000000e+00
-11.614511  0.000000e+00  0.000000e+00
-11.519511  0.000000e+00  0.000000e+00
-11.424511  0.000000e+00  0.000000e+00
-11.329511  0.000000e+00  0.000000e+00
-11.234511  0.000000e+00  0.000000e+00
-11.139511  0.000000e+00  0.000000e+00
-11.044511  0.000000e+00  0.000000e+00
-10.948511  0.000000e+00  0.000000e+00
-10.853511  0.000000e+00  0.000000e+00
-10.758511 -2.134500e-31  7.144700e-32
-10.663511 -3.479300e-25  1.319060e-25
-10.568511 -9.120600e-20  3.918900e-20
-10.473511 -3.682500e-15  1.795580e-15
-10.378511 -2.397710e-11  1.326900e-11
-10.283511 -2.381960e-08  1.501670e-08
-10.188511 -3.348400e-06  2.423820e-06
-10.092511 -4.584400e-05  4.046900e-05
-9.997511  2.942610e-04 -2.216050e-04
-9.902511  1.106390e-03 -1.049550e-03
-9.807511  2.481590e-04 -2.951350e-04
-9.712511 -4.349000e-05  4.419300e-05
-9.617511 -2.736750e-06  3.403010e-06
-9.522511 -1.755880e-08  2.507390e-08
-9.427511 -1.603930e-11  2.609090e-11
-9.331511 -2.240600e-15  4.138400e-15
-9.236511  0.000000e+00  0.000000e+00
-9.141511  0.000000e+00  0.000000e+00
-9.046511  0.000000e+00  0.000000e+00
-8.951511  0.000000e+00  0.000000e+00
-8.856511  0.000000e+00  0.000000e+00
-8.761511  0.000000e+00  0.000000e+00
-8.666511  0.000000e+00  0.000000e+00
-8.571511 -1.867170e-34  2.588110e-35
-8.475511 -9.236150e-28  1.577581e-28
-8.380511 -7.366110e-22  1.552060e-22
-8.285511 -9.206380e-17  2.349940e-17
-8.190511 -1.841817e-12  5.924530e-13
-8.095511 -5.771840e-09  2.301702e-09
-8.000511 -2.705463e-06  1.346194e-06
-7.905511 -1.671152e-04  1.064534e-04
-7.810511 -3.900773e-04  5.166600e-04
-7.714511  9.230440e-03 -6.903300e-03
-7.619511  1.146258e-02 -1.161497e-02
-7.524511  1.455246e-04 -6.928610e-04
-7.429511 -2.648312e-04  3.176220e-04
-7.334511 -6.214540e-06  9.747620e-06
-7.239511 -2.538000e-08  3.811190e-08
-7.144511 -3.199500e-06  1.280070e-06
-7.049511 -1.902100e-04  1.047050e-04
-6.954511 -3.791100e-04  5.494100e-04
-6.858511  1.024220e-02 -6.937700e-03
-6.763511  1.186370e-02 -1.216150e-02
-6.668511 -7.543185e-03  1.072704e-03
-6.573511  2.489920e-02  1.094974e-02
-6.478511  2.462555e-01 -1.275296e-01
-6.383511  1.153668e-01 -2.330827e-01
-6.288511 -1.218186e-02 -1.649156e-02
-6.193511  6.249500e-04  5.320529e-03
-6.097511  2.803990e-02 -2.678825e-02
-6.002511  1.481865e-02 -1.706077e-02
-5.907511 -6.564400e-03  1.195001e-03
-5.812511 -1.541800e-02  2.952200e-03
-5.717511  2.633910e-01  2.984000e-02
-5.622511  6.647900e-01 -1.983670e-01
-5.527511  2.727010e-01 -8.255300e-01
-5.432511 -2.453900e-02 -2.939000e-01
-5.337511  4.181400e-03  3.408000e-02
-5.241511  5.753060e-02 -6.524030e-02
-5.146511 -8.815070e-03 -6.346167e-02
-5.051511 -2.097129e-02  9.039100e-02
-4.956511  1.451795e+00 -7.839860e-01
-4.861511  1.405277e+00 -1.964837e+00
-4.766511  1.866300e-02 -2.639850e-01
-4.671511  1.239390e-01 -6.748650e-02
-4.576511  1.851000e-01 -2.521580e-01
-4.480511  2.047450e-01 -1.609448e-01
-4.385511  4.919400e-01  1.138230e-02
-4.290511  2.130620e-01 -1.252070e-01
-4.195511  5.145780e-01 -1.862300e-01
-4.100511  8.128100e-01 -1.832800e-01
-4.005511  4.194670e-01 -8.916100e-01
-3.910511  9.919100e-02 -1.104360e+00
-3.815511  7.284400e-01 -5.869690e-01
-3.720511  9.203100e-01 -4.844850e-01
-3.624511  3.391740e-01 -3.255900e-01
-3.529511  4.809900e-01 -8.062220e-01
-3.434511  2.792000e-01 -6.065100e-01
-3.339511  8.293400e-01 -3.338000e-01
-3.244511  1.110357e+00 -1.125064e+00
-3.149511 -1.198230e-02 -7.943960e-01
-3.054511  1.063410e-01  9.383700e-02
-2.959511  1.116930e+00 -2.090530e-01
-2.863511  7.882100e-01 -1.354030e+00
-2.768511 -3.812800e-02 -4.969000e-01
-2.673511  6.303200e-01  7.721500e-02
-2.578511  1.007360e+00 -6.540820e-01
-2.483511  6.347000e-01 -8.882100e-01
-2.388511  7.619200e-01 -5.743800e-01
-2.293511  5.282270e-01 -8.919500e-01
-2.198511  5.284810e-01 -4.461070e-01
-2.103511  1.060390e+00 -3.938350e-01
-2.007511  3.969600e-01 -1.150440e+00
-1.912511  8.798850e-01 -3.785400e-01
-1.817511  2.965290e-01 -9.105500e-01
-1.722511  5.370700e-02 -6.371100e-01
-1.627511  1.072843e+00  6.883800e-02
-1.532511  8.446300e-01 -9.708170e-01
-1.437511  3.987400e-02 -1.288110e+00
-1.342511  3.413900e-01 -1.625210e-01
-1.246511  1.871980e+00 -3.417700e-01
-1.151511  1.331500e+00 -1.544930e+00
-1.056511  5.758600e-01 -1.256810e+00
-0.961511  5.139110e-01 -5.977860e-01
-0.866511  1.366400e+00 -7.414500e-01
-0.771511  2.966600e+00 -2.082800e+00
-0.676511  1.916650e+00 -3.499800e+00
-0.581511  2.226800e+00 -1.458200e+00
-0.486511  3.100800e+00 -2.145600e+00
-0.390511  2.044500e+00 -3.206400e+00
-0.295511  1.254130e-01 -1.619520e+00
-0.200511  2.424120e-01 -1.864600e-02
-0.105511  1.182341e+00  4.369000e-02
-0.010511  2.444969e-01  4.377000e-03
 0.084489  9.640100e-02  1.600000e-03
 0.179489  7.207059e-01 -3.059900e-01
 0.274489  9.155600e-01 -1.214000e+00
 0.370489  1.384970e+00 -9.005600e-01
 0.465489  1.368510e-01 -1.315270e+00
 0.560489 -5.218400e-02 -2.350060e-01
 0.655489  6.252800e-02  5.480700e-02
 0.750489  1.972640e-01 -1.201987e-02
 0.845489  2.965800e-02 -1.675520e-01
 0.940489  2.202691e-02 -8.396600e-02
 1.035489  1.460215e-01  1.334240e-02
 1.130489  4.323759e-02 -7.088347e-02
 1.226489 -6.305696e-03 -1.253147e-01
 1.321489 -3.060800e-03 -8.158590e-03
 1.416489  4.714500e-05  3.773190e-03
 1.511489  1.159210e-01  4.075470e-03
 1.606489  9.589200e-02 -2.514580e-02
 1.701489  3.072700e-02 -9.187594e-02
 1.796489  1.661561e-01 -2.809480e-02
 1.891489  4.906851e-02 -1.580348e-01
 1.987489 -7.154460e-03 -1.089780e-01
 2.082489 -5.716540e-04  6.730600e-03
 2.177489 -1.441300e-05  1.797860e-03
 2.272489 -1.006570e-03  5.719000e-05
 2.367489 -7.873300e-03  2.049200e-03
 2.462489  7.509200e-02  5.461200e-03
 2.557489  1.709900e-01 -1.159000e-01
 2.652489  1.960600e-02 -1.502700e-01
 2.747489 -6.425300e-03 -2.758700e-03
 2.843489 -2.189400e-03  5.687000e-03
 2.938489  5.208780e-02 -6.794700e-03
 3.033489  6.166340e-02 -6.915200e-02
 3.128489  2.692170e-03 -3.239350e-02
 3.223489  1.626413e-02 -7.375400e-03
 3.318489  7.243930e-03 -1.453049e-02
 3.413489 -2.074200e-03 -4.612727e-04
 3.508489 -2.697800e-03  1.395850e-03
 3.604489  6.537200e-02  3.763790e-03
 3.699489  1.065220e-01 -5.963410e-02
 3.794489  2.311350e-02 -1.030200e-01
 3.889489  3.548900e-02 -3.729300e-02
 3.984489  1.580140e-02 -3.532900e-02
 4.079489  9.236270e-03 -1.003510e-02
 4.174489  2.183666e-03 -3.369650e-03
 4.269489  1.284910e-02 -8.404495e-03
 4.364489  5.709430e-03 -1.098712e-02
 4.460489 -1.922460e-03  1.022203e-03
 4.555489  1.225894e-02 -7.420820e-03
 4.650489  3.357120e-02 -3.038350e-02
 4.745489  1.724600e-02 -2.038500e-02
 4.840489  5.791720e-03 -9.380400e-03
 4.935489  1.240180e-03  7.327000e-04
 5.030489  4.726900e-02 -3.110900e-02
 5.125489  5.661900e-02 -5.689100e-02
 5.221489  2.017280e-02 -3.134630e-02
 5.316489  3.164660e-02 -3.830500e-02
 5.411489  3.830630e-02 -2.849240e-02
 5.506489  2.289300e-02 -2.371200e-02
 5.601489  2.441200e-02 -2.980000e-02
 5.696489  2.617645e-02 -2.167380e-02
 5.791489  3.308680e-02 -3.314870e-02
 5.886489  6.173100e-02 -4.572700e-02
 5.981489  6.345900e-02 -6.495500e-02
 6.077489  3.063780e-02 -3.678400e-02
 6.172489  2.174300e-02 -2.930200e-02
 6.267489  2.920670e-02 -3.038400e-02
 6.362489  2.182030e-02 -1.934800e-02
 6.457489  1.382620e-02 -1.360210e-02
 6.552489  1.246650e-02 -9.775000e-03
 6.647489  3.735600e-02 -3.183500e-02
 6.742489  6.998800e-02 -8.079200e-02
 6.838489  4.953100e-02 -4.621400e-02
 6.933489  4.722100e-02 -4.227800e-02
 7.028489  1.991400e-02 -2.574700e-02
 7.123489  1.440600e-02 -1.895100e-02
 7.218489  2.528800e-02 -2.257100e-02
 7.313489  3.355500e-02 -3.174700e-02
 7.408489  1.917900e-02 -2.744500e-02
 7.503489  3.139200e-02 -2.334690e-02
 7.598489  4.799300e-02 -4.474200e-02
 7.694489  3.608100e-02 -4.137300e-02
 7.789489  2.931900e-02 -2.739610e-02
 7.884489  2.481900e-02 -3.545400e-02
 7.979489  4.233700e-02 -3.892300e-02
 8.074489  4.136400e-02 -3.953134e-02
 8.169489  3.979300e-02 -3.049700e-02
 8.264489  5.775800e-02 -5.818800e-02
 8.359489  5.669600e-02 -6.006700e-02
 8.455489  4.654400e-02 -4.164600e-02
 8.550489  6.060500e-02 -6.220100e-02
 8.645489  3.734800e-02 -4.604400e-02
 8.740489  2.796500e-02 -2.362500e-02
 8.835489  2.579800e-02 -2.417700e-02
 8.930489  4.312130e-02 -4.298370e-02
 9.025489  4.135900e-02 -4.240200e-02
 9.120489  2.048500e-02 -2.147800e-02
 9.215489  3.647600e-02 -3.038200e-02
 9.311489  3.525400e-02 -4.303100e-02
 9.406489  4.675300e-02 -4.349800e-02
 9.501489  5.863000e-02 -6.681100e-02
 9.596489  4.101300e-02 -5.046900e-02
 9.691489  4.288000e-02 -4.403400e-02
 9.786489  4.061600e-02 -4.316200e-02
 9.881489  4.610430e-02 -4.208800e-02
 9.976489  3.149600e-02 -2.986700e-02
10.072489  2.727800e-02 -2.442900e-02
10.167489  1.151180e-02 -1.625040e-02
10.262489 -6.425600e-04 -6.316000e-05
10.357489 -2.343210e-04  3.896940e-04
10.452489 -5.295000e-06  1.178230e-05
10.547489 -1.873350e-08  5.016860e-08
10.642489 -1.085550e-11  3.372020e-11
10.737489 -1.020630e-15  3.641250e-15
10.832489  0.000000e+00  0.000000e+00
10.928489  0.000000e+00  0.000000e+00
11.023489  0.000000e+00  0.000000e+00
11.118489  0.000000e+00  0.000000e+00
11.213489  0.000000e+00  0.000000e+00
11.308489  0.000000e+00  0.000000e+00
11.403489  0.000000e+00  0.000000e+00